[[ 1.0489221   0.32622573]
 [ 3.0069823   1.4195582 ]
 [ 2.3031602  -0.77547115]
 ...
 [ 0.15465282 -0.23815235]
 [ 0.6080825  -0.32437512]
 [-0.15378478 -0.01213904]]
[[ 1.1021118   0.34139368]
 [ 2.903381    1.3176895 ]
 [ 2.3614643  -0.7840125 ]
 ...
 [ 0.16920996 -0.07022505]
 [ 0.6148221  -0.3161293 ]
 [-0.00979342 -0.0373179 ]]
[[ 1.1372344e+00  2.7169558e-01]
 [ 2.9160268e+00  1.3133726e+00]
 [ 2.5064671e+00 -6.6940224e-01]
 ...
 [-2.7502102e-01 -1.5335695e-01]
 [ 7.0851797e-01  7.4907504e-02]
 [-1.7734140e-03  4.6083733e-02]]
[[ 1.1978047   0.30914426]
 [ 3.0021784   1.3235343 ]
 [ 2.493032   -0.6542826 ]
 ...
 [-0.38607237 -0.20711508]
 [ 0.80005145 -0.00342086]
 [ 0.16778228  0.07918084]]
[[ 1.1731836   0.3199221 ]
 [ 3.098486    1.1535367 ]
 [ 2.4412072  -0.8134453 ]
 ...
 [-0.36377615 -0.32860032]
 [ 0.7341871   0.0727303 ]
 [ 0.10448356  0.05437136]]
[[ 1.1355705   0.37803772]
 [ 2.9898007   1.2206894 ]
 [ 2.4495604  -0.7469424 ]
 ...
 [-0.43292162 -0.237337  ]
 [ 0.88575447  0.0861578 ]
 [ 0.10078097  0.01900639]]
[[ 1.1618961   0.26342055]
 [ 3.020852    1.2268589 ]
 [ 2.529807   -0.6672549 ]
 ...
 [ 0.16834286  0.44363993]
 [-0.24457964 -0.23747364]
 [ 0.23785879  0.06710868]]
[[ 1.2243909   0.28370726]
 [ 3.1791034   1.0302026 ]
 [ 2.5985026  -0.92416   ]
 ...
 [ 0.18485232  0.65679634]
 [-0.21165119 -0.05356923]
 [-0.03750438  0.0987144 ]]
[[ 1.1487637   0.3374332 ]
 [ 3.0364072   1.185837  ]
 [ 2.3540068  -0.6715438 ]
 ...
 [ 0.14074452  0.5804305 ]
 [-0.23339576 -0.1820553 ]
 [ 0.06545407  0.10930397]]
[[ 1.1580335   0.31012672]
 [ 2.8977962   1.2500029 ]
 [ 2.4719598  -0.7789601 ]
 ...
 [-0.16019294 -0.23283893]
 [ 0.4175623  -0.35132354]
 [ 0.04572785  0.13586059]]
[[-3.0265787   1.2822053 ]
 [-2.513532   -0.5471259 ]
 [-4.9096165   0.90505314]
 ...
 [-0.1615927   0.0244547 ]
 [-0.7466621  -0.03526645]
 [ 0.25816613 -0.0657575 ]]
[[-2.8041892   1.3409611 ]
 [-2.365412   -0.49672353]
 [-5.0041966   0.99748707]
 ...
 [-0.19498765 -0.15320314]
 [-0.7509672  -0.02702431]
 [ 0.2460505  -0.04636868]]
[[-2.7946084   1.1423444 ]
 [-2.249169   -0.5779185 ]
 [-4.896954    1.0945675 ]
 ...
 [-0.09188838  0.00912917]
 [-0.70578146 -0.04134248]
 [ 0.2666854  -0.15655886]]
[[-3.3992434   1.4286352 ]
 [-3.8333437  -1.1406626 ]
 [-3.7308106   2.4167898 ]
 ...
 [-0.7923514   0.10682318]
 [ 0.26697317  0.07699035]
 [ 0.26250023 -0.06447569]]
